0.0103708 	0.770934 	-0.864394 	-2.84905 	-1.44769 	0.0428118 	-0.824551 	0.864088 	-0.700846 	-1.06979 	0.186729 	-0.221479 	
1.48612 	1.70132 	-0.478945 	1.3739 	0.347326 	0.0831678 	0.641088 	1.59775 	-0.968453 	-0.605312 	-0.93942 	1.39079 	
0.116191 	-1.50511 	-2.31132 	0.0265351 	-0.241782 	0.112635 	-0.168326 	1.55692 	0.278341 	0.671833 	0.398842 	-0.44317 	
-2.24888 	-1.18853 	0.800299 	0.508015 	1.60102 	0.833119 	0.724951 	1.24296 	0.66668 	-1.90646 	-1.04886 	-0.899771 	
-0.191303 	-0.586707 	-1.68773 	-2.98217 	-0.653973 	0.604848 	-0.669629 	0.00333302 	0.212321 	1.79695 	0.369427 	-0.0489115 	
0.548337 	1.96825 	-0.666586 	0.641269 	-0.38925 	1.18681 	-1.44567 	0.501069 	-0.317511 	-0.283623 	1.83387 	0.730151 	
0.532322 	-1.43329 	-0.250441 	1.42964 	-0.287246 	1.01941 	0.141154 	-0.304581 	1.47331 	1.01738 	1.36137 	-0.496049 	
-0.800001 	-1.48721 	1.86303 	0.403485 	0.344271 	-0.632279 	0.739591 	0.413542 	0.0952574 	-2.50088 	0.110153 	1.65364 	
-0.927106 	1.24658 	3.2168 	-0.266797 	0.489059 	-1.5831 	1.7148 	-0.0633571 	-2.44402 	1.5577 	0.569182 	0.862671 	
-0.284407 	-1.05006 	0.899162 	0.372284 	-0.0607527 	1.59477 	-0.736578 	-1.47159 	-1.46951 	-0.653393 	0.434582 	0.164296 	
0.110352 	0.250718 	-1.07424 	0.990312 	0.0801196 	0.0993621 	1.50318 	1.53982 	0.146464 	-1.0808 	-1.60896 	2.33715 	
-0.0424286 	0.264646 	-0.203176 	0.48253 	0.863033 	-0.932964 	0.76796 	-0.636416 	-1.2313 	0.253085 	1.21863 	-0.445012 	

-0.296804 	0.511544 	-0.0380077 	
-0.0380077 	-0.471472 	-0.0985558 	
