0.873337613696 	0.743860717263 	0.461813691331 	0.890982103222 	
0.990110847101 	0.813322873939 	0.823482652607 	0.416411361846 	
0.819615532672 	0.181249648956 	0.309803677573 	0.0292923042884 	
0.198490322401 	0.201794684485 	0.0180164750836 	0.397411616338 	
1.94985582436 	-0.445041867913 	0.37 	
0.445041867913 	1.94985582436 	-0.79 	
0.0 	0.0 	0.825803438038 	0.72660993336 	
0.0 	0.048840575766 	0.18494282723 	0.0555272100362 	
0.0 	0.0 	0.0 	0.0 	
0.0 	0.0 	0.0 	0.0 	
0.00369088199281 	-0.301348629344 	-0.339921740304 	
-0.00081183631373 	0.396146137021 	0.372109261199 	
0.088146275064 	0.250502283864 	0.192885002426 	0.42845775552 	
0.126800740298 	0.360354138812 	0.032678355264 	0.0725888201492 	
0.000174222469784 	0.0693903983001 	0.0157254528155 	0.0435006832766 	
0.0112983160672 	0.0813835912217 	0.0184433848927 	0.00455204560879 	
